0 300 420 47 150 150 200 400
300 0 260 10 50 30 12 150
420 260 0 50 190 600 700 10
47 10 50 0 248 394 359 60
150 50 190 248 0 596 610 460
150 30 600 394 596 0 800 300
200 12 700 359 610 800 0 345
400 150 10 60 460 300 345 0