0 38 55 75 90 130 115 57
38 0 33 52 56 109 83 25
55 33 0 82 70 134 104 50
75 52 82 0 48 56 49 35
90 56 70 48 0 75 38 36
130 109 134 56 75 0 42 85
115 83 104 49 38 42 0 62
57 25 50 35 36 85 62 0
